MeshAnim
1
30
69
30
-1 0 0 0
0 -1.192093E-07 1 0
0 1 1.192093E-07 0
-1.4 0.95 -6.83 1

0.001850843 -0.9999851 0.005176574 0
0.3367358 0.005497478 0.9415832 0
-0.9415975 4.366946E-07 0.3367409 0
-1.400712 1.221214 -6.80786 1

0.1326673 -0.9191214 0.3709659 0
0.3095059 0.3939751 0.865442 0
-0.9415974 2.860936E-07 0.3367411 0
-1.404255 1.335482 -6.817767 1

0.1550939 -0.8938938 -0.4205951 0
0.2859859 -0.3668913 0.8852135 0
-0.9455993 -0.2575755 0.1987384 0
-1.295969 1.199063 -6.835903 1

-0.4816883 0.01716883 -0.8761746 0
0.005855829 0.9998491 0.01637288 0
0.8763232 0.002755877 -0.4817161 0
-1.346681 1.243967 -6.656777 1

-0.3080439 0.1726091 0.9355828 0
-0.05536405 -0.9849896 0.1634955 0
0.9497599 -0.001433877 0.3129763 0
-1.094469 1.462236 -7.270331 1

-0.4988329 -0.4649656 -0.7314185 0
-0.2980539 0.8844728 -0.3589878 0
0.8138367 0.0389272 -0.5797888 0
-1.937302 1.421842 -7.025721 1

0.2916897 0.9509511 -0.1030022 0
-0.2375466 -0.0322926 -0.9708393 0
-0.9265468 0.3076517 0.2164758 0
-1.499484 1.199063 -6.76312 1

0.09778069 -0.9569134 0.2734155 0
0.322232 0.290374 0.901027 0
-0.9415974 2.052667E-07 0.3367411 0
-1.413677 1.4526 -6.844112 1

0.2421688 -0.9509999 0.1922337 0
0.101441 0.221863 0.969787 0
-0.9649167 -0.2153518 0.1501986 0
-1.281689 1.107188 -6.882716 1

-0.5493827 -0.4242736 -0.7198407 0
0.2082941 -0.9038384 0.3737514 0
-0.8091925 0.05539404 0.5849268 0
-1.238724 1.240119 -6.460406 1

0.2059227 0.8719209 -0.4442411 0
-0.2016778 -0.4064103 -0.8911549 0
-0.9575604 0.2731026 0.09215803 0
-1.529901 1.099753 -6.756132 1

-0.4988329 -0.4649656 -0.7314185 0
0.2980539 -0.8844728 0.3589878 0
-0.8138367 -0.0389272 0.5797888 0
-1.937302 1.421842 -7.025721 1

0.07166719 -0.9770902 0.2003967 0
0.3290264 0.2128263 0.9200254 0
-0.9415974 2.052667E-07 0.3367411 0
-1.424299 1.564415 -6.873814 1

0.005327429 -0.9999859 -0.00048156 0
-0.0799702 -0.0009060443 0.9967969 0
-0.9967831 -0.00527184 -0.07997382 0
-1.257499 1.003868 -6.867 1

-0.5152096 -0.7246087 -0.4577132 0
0.4008786 -0.675767 0.6185755 0
-0.7575326 0.1352086 0.6386417 0
-1.128584 1.325177 -6.316094 1

0.005243664 0.9999858 -0.001059605 0
-0.3610406 0.0009050481 -0.9325499 0
-0.9325355 0.005272622 0.3610401 0
-1.551801 1.003868 -6.713313 1

-0.001408505 -0.9546205 0.2978224 0
-0.004513905 0.2978257 0.9546098 0
-0.9999889 2.711129E-07 -0.00472852 0
-1.443223 1.713555 -6.92673 1

-0.9967012 0.05530361 0.0594023 0
0.0769921 0.4127153 0.9076005 0
0.02567734 0.9091799 -0.4156117 0
-1.343318 1.643858 -6.963409 1

-0.8083304 -0.0553029 0.5861261 0
-0.5160224 -0.4127153 -0.7505912 0
0.283413 -0.9091799 0.3050727 0
-1.543732 1.643858 -6.891736 1

-0.09586331 0.007352535 0.9953675 0
0.002658167 0.9999713 -0.007130431 0
-0.9953911 0.001962273 -0.09587996 0
-1.228036 0.9865253 -6.985809 1

-0.7011302 -0.4609602 -0.5439968 0
0.2444845 -0.872099 0.4238764 0
-0.6698092 0.1641937 0.7241524 0
-1.049706 1.436113 -6.246018 1

-0.3758653 -0.007353436 -0.9266452 0
0.004581671 -0.9999713 0.006076806 0
-0.9266631 -0.001961564 0.3758881 0
-1.613937 0.9865246 -6.818778 1

-0.001039884 -0.9816583 0.1906468 0
-0.004613157 0.1906496 0.9816474 0
-0.999989 0.0001413665 -0.004726777 0
-1.442852 1.883879 -7.005149 1

-0.6778355 0.7232564 0.1320594 0
0.4353873 0.2501421 0.8647931 0
0.5924334 0.6436844 -0.4844518 0
-1.188617 1.635275 -6.97263 1

-0.7654508 -0.6298171 0.1319682 0
-0.05280568 -0.1429106 -0.9883261 0
0.6413242 -0.7634838 0.07613304 0
-1.669195 1.635275 -6.800762 1

-0.6698092 0.1641937 0.7241524 0
0.7402529 0.07127744 0.6685398 0
0.05815437 0.9838498 -0.169287 0
-0.9184608 1.522401 -6.144187 1

-0.004622798 -0.2396672 0.9708444 0
-0.0009956476 0.9708554 0.2396652 0
-0.999989 0.0001413665 -0.004726777 0
-1.441361 1.883859 -7.320685 1

-0.7655653 0.1234357 0.6314062 0
0.588826 -0.260996 0.7649608 0
0.2592179 0.9574159 0.1271273 0
-1.294052 2.033442 -6.952361 1

-0.9896888 0.13865 -0.03595472 0
-0.004579597 0.2202602 0.9754305 0
0.1431628 0.9655371 -0.2173541 0
-1.339949 2.079517 -6.959752 1

-0.359622 -0.6552335 -0.6643353 0
-0.003424149 -0.7110357 0.7031476 0
-0.9330919 0.2551422 0.2534605 0
-1.356071 2.053152 -6.916871 1

-0.759597 -0.1232201 -0.6386154 0
0.596105 0.2608285 -0.75936 0
0.2601375 -0.9574894 -0.1246724 0
-1.592103 2.033483 -6.95377 1

-0.9900236 -0.1383701 0.02659708 0
0.004579538 -0.2202603 -0.9754306 0
0.1408287 -0.9655772 0.2186965 0
-1.546125 2.079544 -6.960726 1

-0.3657011 0.6553361 0.6609067 0
0.003424149 0.7110357 -0.7031478 0
-0.9307262 -0.2548787 -0.2622702 0
-1.530416 2.053178 -6.917695 1

0.3884201 0.05793665 0.9196594 0
0.3189284 -0.9447928 -0.07517998 0
0.8645316 0.3225068 -0.3854541 0
-1.044418 1.482891 -6.99876 1

-0.6694278 0.7278854 0.1484918 0
0.4482071 0.2363338 0.8621235 0
0.5924334 0.6436844 -0.4844518 0
-1.082991 1.629894 -7.021938 1

-0.3357548 -0.2148369 -0.9171228 0
0.2831407 0.9055973 -0.3157935 0
0.8983877 -0.365704 -0.2432296 0
-1.830907 1.502423 -6.770819 1

-0.766317 -0.6324226 0.1131372 0
-0.03823014 -0.1308997 -0.9906583 0
0.6413242 -0.7634838 0.07613304 0
-1.785087 1.647285 -6.794282 1

-0.9999891 0.000141388 -0.004726896 0
-0.00363318 0.6168444 0.7870771 0
0.003027056 0.7870855 -0.6168371 0
-1.4411 1.897422 -7.375626 1

-0.7655653 0.1234357 0.6314062 0
0.588826 -0.260996 0.7649608 0
0.2592179 0.9574159 0.1271273 0
-1.20299 2.126478 -6.844705 1

-0.1403522 -0.888598 0.4366866 0
0.0285972 0.4372301 0.8988951 0
-0.9896888 0.13865 -0.03595472 0
-1.325802 2.17493 -6.981231 1

-0.3593417 -0.6328064 -0.6858791 0
-0.01460531 -0.7310672 0.6821495 0
-0.9330919 0.2551422 0.2534605 0
-1.27065 2.208791 -6.75907 1

-0.759597 -0.1232201 -0.6386154 0
0.596105 0.2608285 -0.75936 0
0.2601375 -0.9574894 -0.1246724 0
-1.684153 2.126545 -6.846979 1

-0.1359666 0.8886371 -0.4379928 0
0.03696997 -0.4372394 -0.8985853 0
-0.9900236 -0.1383701 0.02659708 0
-1.560042 2.174959 -6.982337 1

-0.3656306 0.6329088 0.6824523 0
-0.007949365 0.7310703 -0.6822562 0
-0.9307262 -0.2548787 -0.2622702 0
-1.617282 2.208843 -6.760709 1

-0.3103892 0.1761271 0.934151 0
-0.9491315 -0.002636015 -0.3148695 0
-0.05299447 -0.9843642 0.1679859 0
-1.117975 1.476686 -7.168622 1

-0.4999453 -0.4682223 -0.7285759 0
-0.8135903 -0.034445 0.5804178 0
-0.2968603 0.8829395 -0.3637203 0
-1.891596 1.466974 -6.942173 1

-0.9896888 0.13865 -0.03595472 0
-0.004579567 0.2202602 0.9754305 0
0.1431628 0.9655372 -0.2173541 0
-1.309312 2.279336 -7.032539 1

-0.9330919 0.2551422 0.2534605 0
0.2973243 0.1507756 0.9427968 0
0.2023315 0.9550757 -0.2165473 0
-1.183708 2.361897 -6.593123 1

-0.9900236 -0.1383701 0.02659708 0
0.004579597 -0.2202603 -0.9754305 0
0.1408287 -0.9655772 0.2186965 0
-1.576017 2.279369 -7.033799 1

-0.9307262 -0.2548787 -0.2622702 0
0.306181 -0.1508609 -0.9399439 0
0.2000054 -0.9551327 0.2184492 0
-1.705745 2.361973 -6.595591 1

0.6886905 0.2814332 0.6682073 0
0.1812952 -0.9591614 0.2171237 0
0.7020244 -0.02838812 -0.7115873 0
-1.122392 1.523788 -7.229395 1

0.6818557 0.1504854 0.71584 0
-0.7183939 -0.0465616 0.6940767 0
0.1377791 -0.9875154 0.07635954 0
-1.052051 1.502467 -7.266085 1

0.7402084 0.07260832 0.6684461 0
-0.6675332 0.1984843 0.7176377 0
-0.08056936 -0.977411 0.1953881 0
-1.053722 1.446974 -7.258481 1

0.562591 -0.3892903 -0.7293457 0
-0.05078419 0.8642607 -0.5004748 0
0.8251745 0.3186018 0.4664551 0
-1.912993 1.495463 -7.010453 1

0.414843 -0.2106634 -0.8851705 0
-0.9031401 -0.2136384 -0.3724204 0
-0.1106509 0.9539288 -0.2788848 0
-1.9845 1.455736 -7.018018 1

0.4612713 -0.2003183 -0.8643507 0
-0.8245448 -0.4565303 -0.3342248 0
-0.3276509 0.866864 -0.3757555 0
-1.969492 1.405269 -6.998837 1

-0.3782763 0.9164214 0.1306909 0
0.4817629 0.07434075 0.8731428 0
0.7904506 0.3932512 -0.4696189 0
-1.151601 1.511852 -7.257735 1

0.9307275 -0.02945033 -0.3645263 0
0.3651802 0.02100053 0.9307001 0
-0.01975394 -0.9993459 0.03030046 0
-1.095897 1.4898 -7.305577 1

0.9419631 -0.1100243 -0.3171761 0
0.3281704 0.1025754 0.9390328 0
-0.07078177 -0.9886221 0.1327289 0
-1.094751 1.442979 -7.298667 1

-0.1577426 -0.9787979 0.1306613 0
0.3018243 -0.1737757 -0.9373924 0
0.9402235 -0.1084299 0.3228367 0
-1.889133 1.478953 -7.041386 1

0.9640921 0.2630324 0.03661831 0
0.08250143 -0.1655789 -0.9827397 0
-0.2524292 0.9504726 -0.1813337 0
-1.954973 1.440788 -7.068487 1

0.9500546 0.3111912 -0.02359489 0
0.07866873 -0.3119626 -0.946832 0
-0.3020063 0.8976857 -0.3208624 0
-1.94502 1.393278 -7.049547 1

-0.40273 0.914596 -0.03638814 0
0.405459 0.2138976 0.8887357 0
0.820617 0.3431664 -0.4569737 0
-1.133785 1.468523 -7.264249 1

0.9388583 -0.07441445 -0.3361667 0
0.3337417 -0.04329643 0.9416699 0
-0.08462854 -0.9962875 -0.01581404 0
-1.132868 1.489813 -7.291725 1

0.94217 -0.1233787 -0.3115992 0
0.3262809 0.1253679 0.9369226 0
-0.07653157 -0.984409 0.1583739 0
-1.136027 1.450071 -7.287632 1

-0.1481967 -0.9437544 0.2955779 0
0.260928 -0.3256007 -0.9087912 0
0.9539155 -0.05755538 0.2945046 0
-1.896591 1.432612 -7.035545 1

0.9535234 0.30132 0.0003616898 0
0.03558508 -0.1114162 -0.9931367 0
-0.2992115 0.9469917 -0.1169604 0
-1.916593 1.449986 -7.067434 1

0.9460585 0.3224337 -0.0317872 0
0.08205952 -0.3333652 -0.9392201 0
-0.3134329 0.8859486 -0.3418416 0
-1.904613 1.408301 -7.053731 1

-1 0 0 0
0 -1.192093E-07 1 0
0 1 1.192093E-07 0
-1.4 0.95 -6.83 1

0.001852751 -0.9999821 0.005744145 0
0.336714 0.006032549 0.9415878 0
-0.9416053 0.0001896219 0.3367191 0
-1.400767 1.220123 -6.80791 1

0.1328269 -0.9186984 0.3719555 0
0.3094135 0.3949607 0.8650259 0
-0.9416053 0.0001894278 0.336719 0
-1.40431 1.334386 -6.817882 1

0.1543061 -0.8897688 -0.4295366 0
0.285406 -0.3760692 0.8815417 0
-0.9459034 -0.2586195 0.1959156 0
-1.296023 1.197956 -6.835938 1

-0.4816417 0.02068632 -0.8761242 0
0.007222899 0.9997814 0.01963525 0
0.8763385 0.003128981 -0.4816858 0
-1.346739 1.242962 -6.656838 1

-0.3105925 0.1726339 0.9347353 0
-0.05545534 -0.9849856 0.1634879 0
0.9489243 -0.001058025 0.3155025 0
-1.094012 1.46117 -7.270296 1

-0.4970633 -0.4677859 -0.7308246 0
-0.2992207 0.8829855 -0.3616688 0
0.8144907 0.03890555 -0.5788707 0
-1.937152 1.419847 -7.02548 1

0.294609 0.9514767 -0.08887049 0
-0.2411157 -0.01597719 -0.970365 0
-0.9246994 0.3073063 0.2247089 0
-1.49954 1.197998 -6.76316 1

0.09813774 -0.9564312 0.2749714 0
0.3221005 0.2919593 0.9005619 0
-0.9416053 0.0001893469 0.336719 0
-1.413753 1.451474 -6.844353 1

0.2441661 -0.9486322 0.2011976 0
0.09802835 0.2305596 0.968108 0
-0.964766 -0.216656 0.1492877 0
-1.281823 1.106543 -6.883671 1

-0.5502553 -0.4198067 -0.7217906 0
0.2063866 -0.9059819 0.3695972 0
-0.8090882 0.05440494 0.5851636 0
-1.238792 1.238326 -6.460479 1

0.20096 0.8661274 -0.4576447 0
-0.2100398 -0.4182127 -0.8837318 0
-0.956817 0.2737183 0.09787727 0
-1.530275 1.098693 -6.757648 1

-0.4970633 -0.4677859 -0.7308246 0
0.2992207 -0.8829855 0.3616688 0
-0.8144907 -0.03890555 0.5788707 0
-1.937152 1.419847 -7.02548 1

0.07203359 -0.9767364 0.2019849 0
0.3289239 0.2144451 0.9196862 0
-0.9416053 0.0001893469 0.336719 0
-1.424417 1.563236 -6.874237 1

0.005561335 -0.9999847 -0.0005186974 0
-0.08035083 -0.000963872 0.9967664 0
-0.9967513 -0.005501631 -0.08035492 0
-1.257401 1.00343 -6.866986 1

-0.5167192 -0.7214143 -0.4610455 0
0.3994437 -0.6794429 0.6154693 0
-0.7572622 0.1338632 0.6392454 0
-1.128478 1.322488 -6.315776 1

0.003199093 0.9999949 -0.0005201335 0
-0.3607741 0.000668988 -0.9326532 0
-0.9326479 0.003171349 0.3607745 0
-1.551688 1.003366 -6.713361 1

-0.001042343 -0.9539862 0.29985 0
-0.004654041 0.2998516 0.9539748 0
-0.9999887 -0.000401095 -0.00475243 0
-1.443396 1.712283 -6.927395 1

-0.9967235 0.0550217 0.05928934 0
0.07681392 0.4142179 0.9069309 0
0.02534212 0.9085137 -0.4170871 0
-1.343463 1.642565 -6.963959 1

-0.8083229 -0.05465811 0.586197 0
-0.5158482 -0.4141298 -0.7499315 0
0.2837512 -0.9085757 0.3065552 0
-1.543879 1.642605 -6.892291 1

-0.09624526 0.007290995 0.9953311 0
0.002427147 0.9999723 -0.007090217 0
-0.9953547 0.001733515 -0.0962603 0
-1.227888 0.9860986 -6.985785 1

-0.7019507 -0.4575047 -0.5458522 0
0.2430152 -0.8742623 0.4202496 0
-0.6694841 0.1623441 0.7248694 0
-1.049369 1.432935 -6.245191 1

-0.3755837 -0.007622972 -0.9267574 0
0.006624809 -0.9999629 0.005540235 0
-0.9267649 -0.004058735 0.3756202 0
-1.613758 0.9859521 -6.818853 1

-0.0006604994 -0.9812515 0.192732 0
-0.00471165 0.192733 0.98124 0
-0.9999887 -0.000259938 -0.004750588 0
-1.44309 1.88244 -7.006176 1

-0.6798554 0.7217262 0.1300329 0
0.4338816 0.2529097 0.8647449 0
0.5912222 0.6443204 -0.4850857 0
-1.188758 1.634025 -6.973162 1

-0.7649982 -0.6298659 0.1343394 0
-0.05338769 -0.1458525 -0.9878649 0
0.6418159 -0.762887 0.07794984 0
-1.669341 1.634122 -6.801305 1

-0.6694841 0.1623441 0.7248695 0
0.7404178 0.06732086 0.6687671 0
0.05977159 0.9844354 -0.1652728 0
-0.9179699 1.518576 -6.143012 1

-0.004555006 -0.2360404 0.9717329 0
-0.00137392 0.9717437 0.2360365 0
-0.9999887 -0.000259938 -0.004750588 0
-1.441591 1.88175 -7.321712 1

-0.7648835 0.1272418 0.631477 0
0.5888565 -0.2593119 0.7655101 0
0.2611543 0.9573753 0.1234161 0
-1.294349 2.032173 -6.953703 1

-0.9896407 0.138872 -0.03641801 0
-0.004544771 0.2232342 0.9747545 0
0.1434958 0.9648222 -0.2202905 0
-1.340264 2.078214 -6.961192 1

-0.3600762 -0.6553639 -0.6639606 0
-0.003761034 -0.7106739 0.7035119 0
-0.9329154 0.2558151 0.2534318 0
-1.356377 2.051934 -6.918255 1

-0.758783 -0.1276379 -0.6387153 0
0.5959682 0.2596199 -0.7598814 0
0.2628129 -0.9572392 -0.120927 0
-1.5924 2.032095 -6.955119 1

-0.9898698 -0.1393863 0.02701409 0
0.004832722 -0.2232342 -0.9747533 0
0.1418979 -0.9647481 0.2216463 0
-1.54644 2.078159 -6.962171 1

-0.3667089 0.655175 0.6605079 0
0.002553693 0.7106735 -0.7035177 0
-0.9303324 -0.2562995 -0.2622835 0
-1.530722 2.05189 -6.919084 1

0.3889916 0.05891497 0.9193559 0
0.3197306 -0.9445557 -0.0747523 0
0.8639782 0.3230242 -0.3862609 0
-1.044136 1.481971 -6.998864 1

-0.6714758 0.7264081 0.1464647 0
0.4467401 0.23913 0.8621139 0
0.5912222 0.6443204 -0.4850857 0
-1.083071 1.628828 -7.022357 1

-0.3352925 -0.217581 -0.9166449 0
0.2823221 0.9050469 -0.3180964 0
0.8988178 -0.3654443 -0.2420275 0
-1.830956 1.501266 -6.770862 1

-0.7658756 -0.6325274 0.1155168 0
-0.0388207 -0.1338402 -0.9902424 0
0.6418159 -0.762887 0.07794987 0
-1.785235 1.646084 -6.794784 1

-0.9999889 -0.0002598939 -0.004750677 0
-0.003889231 0.6197793 0.784767 0
0.00274041 0.7847767 -0.6197734 0
-1.441333 1.895108 -7.376702 1

-0.7641314 0.1300051 0.6318246 0
0.5888032 -0.2594837 0.765493 0
0.2634662 0.9569575 0.1217322 0
-1.203032 2.125429 -6.846453 1

-0.1413689 -0.8871129 0.4393708 0
0.02778119 0.4400983 0.8975201 0
-0.9895672 0.1390876 -0.03757112 0
-1.326084 2.173557 -6.982961 1

-0.3604914 -0.6314908 -0.686488 0
-0.01555485 -0.7318007 0.6813415 0
-0.9326329 0.256296 0.2539851 0
-1.270848 2.207604 -6.760544 1

-0.7580262 -0.1304009 -0.6390559 0
0.5959147 0.2597918 -0.7598648 0
0.2651084 -0.95682 -0.1192211 0
-1.684781 2.125303 -6.848742 1

-0.1376492 0.8870401 -0.4406963 0
0.03653605 -0.4400817 -0.8972148 0
-0.9898071 -0.139602 0.02816789 0
-1.560462 2.173491 -6.984074 1

-0.3673257 0.6313016 0.6830304 0
-0.009461247 0.7317942 -0.6814603 0
-0.9300444 -0.2567801 -0.262834 0
-1.617827 2.207516 -6.762193 1

-0.3129108 0.1763685 0.933264 0
-0.9482912 -0.002969031 -0.3173883 0
-0.05320631 -0.9843202 0.1681778 0
-1.117803 1.475583 -7.168672 1

-0.4979385 -0.4707075 -0.7283488 0
-0.8144566 -0.03463642 0.5791906 0
-0.2978565 0.88161 -0.3661239 0
-1.891564 1.465306 -6.942139 1

-0.9894651 0.1397734 -0.03771734 0
-0.005462482 0.2242973 0.9745056 0
0.1446698 0.9644455 -0.2211708 0
-1.309474 2.277788 -7.034585 1

-0.9329828 0.2567892 0.252196 0
0.2961919 0.1496914 0.9433258 0
0.2044842 0.954805 -0.2157182 0
-1.183628 2.360392 -6.59445 1

-0.989706 -0.1402877 0.02831491 0
0.003913204 -0.2242978 -0.9745131 0
0.1430633 -0.9643706 0.2225378 0
-1.576635 2.277714 -7.035853 1

-0.930411 -0.2572736 -0.2610482 0
0.3052189 -0.149535 -0.9404686 0
0.2029218 -0.9546991 0.2176537 0
-1.7067 2.360257 -6.596934 1

0.6868464 0.2818234 0.6699388 0
0.1809461 -0.9590448 0.2179291 0
0.7039184 -0.02846094 -0.7097109 0
-1.122069 1.522664 -7.229472 1

0.6799164 0.15089 0.7175974 0
-0.7202236 -0.04649862 0.6921822 0
0.1378106 -0.987457 0.07705949 0
-1.051626 1.501346 -7.265968 1

0.7384133 0.07301086 0.6703848 0
-0.669484 0.1985674 0.7157953 0
-0.08085554 -0.9773644 0.1955043 0
-1.053304 1.445855 -7.258349 1

0.5644547 -0.3898725 -0.7275926 0
-0.05152846 0.8630738 -0.5024436 0
0.8238547 0.3210984 0.4670758 0
-1.912902 1.493607 -7.010515 1

0.4166373 -0.2118514 -0.8840438 0
-0.9021585 -0.2160699 -0.3733957 0
-0.1119106 0.9531181 -0.2811463 0
-1.984326 1.453736 -7.018107 1

0.4630136 -0.2013775 -0.8631721 0
-0.8231901 -0.4587367 -0.3345435 0
-0.3285989 0.8654529 -0.3781732 0
-1.969258 1.403338 -6.998791 1

-0.3788399 0.9163752 0.1293756 0
0.4794246 0.07475082 0.8743941 0
0.7916014 0.3932813 -0.4676512 0
-1.1512 1.510711 -7.257886 1

0.9316992 -0.02935114 -0.3620434 0
0.3627021 0.0214021 0.9316596 0
-0.01959674 -0.9993406 0.03058617 0
-1.095364 1.488656 -7.305572 1

0.9428281 -0.1099065 -0.3146362 0
0.3256512 0.102971 0.9398666 0
-0.07089883 -0.9885941 0.1328751 0
-1.094225 1.441837 -7.298644 1

-0.1562002 -0.9787918 0.1325487 0
0.3036366 -0.1752806 -0.9365268 0
0.9398974 -0.106039 0.3245754 0
-1.888963 1.477072 -7.041374 1

0.9635602 0.2648399 0.03758404 0
0.08437227 -0.1675759 -0.9822425 0
-0.2538384 0.9496206 -0.1838147 0
-1.954691 1.43873 -7.068497 1

0.949533 0.3128418 -0.02275672 0
0.08074406 -0.3138876 -0.9460209 0
-0.3030977 0.8964405 -0.3233066 0
-1.944683 1.39128 -7.049437 1

-0.4028494 0.9144876 -0.03776708 0
0.4030463 0.2142946 0.8897369 0
0.8217459 0.343208 -0.4549089 0
-1.133357 1.467383 -7.264338 1

0.9397652 -0.0743038 -0.333647 0
0.33125 -0.04289864 0.9425676 0
-0.08434925 -0.9963132 -0.01570144 0
-1.132371 1.488665 -7.291818 1

0.9430234 -0.123259 -0.3090541 0
0.3237616 0.1257624 0.9377435 0
-0.07671771 -0.9843738 0.1585032 0
-1.135532 1.448923 -7.28772 1

-0.1469814 -0.9433711 0.2974032 0
0.2629661 -0.3271158 -0.9076589 0
0.9535439 -0.05520185 0.2961541 0
-1.896347 1.430731 -7.035443 1

0.9529811 0.3030293 0.001226945 0
0.03737575 -0.1135203 -0.9928328 0
-0.3007178 0.9461964 -0.1195086 0
-1.916329 1.447999 -7.067402 1

0.9455298 0.3240594 -0.03098003 0
0.08416086 -0.3352674 -0.9383567 0
-0.3144694 0.8846369 -0.3442784 0
-1.904297 1.406366 -7.053589 1

-1 0 0 0
0 -1.192093E-07 1 0
0 1 1.192093E-07 0
-1.4 0.95 -6.83 1

0.001860857 -0.9999754 0.00678514 0
0.3366746 0.007015519 0.941595 0
-0.9416192 0.0005322294 0.3366794 0
-1.400756 1.21807 -6.807904 1

0.1331209 -0.9179226 0.3737609 0
0.3092443 0.3967596 0.8642628 0
-0.9416192 0.0005320352 0.3366793 0
-1.4043 1.332322 -6.817995 1

0.1501455 -0.878664 -0.4532175 0
0.2839688 -0.4007707 0.8710596 0
-0.9470047 -0.2594854 0.1893393 0
-1.296011 1.195875 -6.835904 1

-0.4815385 0.02759236 -0.8759907 0
0.009880823 0.9996119 0.0260544 0
0.8763694 0.003890681 -0.4816243 0
-1.346735 1.241066 -6.656854 1

-0.3153405 0.1727698 0.9331191 0
-0.05563626 -0.9849623 0.1635667 0
0.9473463 -0.0003360464 0.3202108 0
-1.093051 1.459136 -7.270131 1

-0.4938196 -0.473008 -0.7296614 0
-0.3013035 0.8802047 -0.3666828 0
0.8156951 0.03877441 -0.5771813 0
-1.936765 1.416108 -7.024942 1

0.3043365 0.9508784 -0.05665764 0
-0.2467682 0.02125226 -0.9688418 0
-0.920046 0.3088353 0.2411143 0
-1.499531 1.19599 -6.763134 1

0.09879551 -0.9555398 0.2778194 0
0.3218582 0.2948625 0.8997021 0
-0.9416192 0.0005319544 0.3366793 0
-1.413781 1.449354 -6.844696 1

0.2470978 -0.942894 0.2233695 0
0.09017065 0.2518921 0.9635456 0
-0.964786 -0.2179486 0.1472633 0
-1.28224 1.105706 -6.886067 1

-0.5518608 -0.4113319 -0.7254349 0
0.2028099 -0.9099743 0.3616844 0
-0.8088993 0.05247406 0.5856013 0
-1.238811 1.234882 -6.460524 1

0.1913606 0.8506358 -0.4896944 0
-0.2270437 -0.4470203 -0.865231 0
-0.9548991 0.2767531 0.1075892 0
-1.531302 1.096882 -6.760982 1

-0.4938196 -0.473008 -0.7296614 0
0.3013035 -0.8802047 0.3666828 0
-0.8156951 -0.03877441 0.5771813 0
-1.936765 1.416108 -7.024942 1

0.07270867 -0.9760804 0.2048926 0
0.3287351 0.2174103 0.9190573 0
-0.9416192 0.0005319544 0.3366793 0
-1.424522 1.56102 -6.874912 1

0.005703917 -0.9999815 -0.002169605 0
-0.0811067 -0.002625256 0.9967021 0
-0.9966891 -0.005509045 -0.08112021 0
-1.257463 1.003095 -6.866986 1

-0.5195224 -0.7153316 -0.4673299 0
0.3967418 -0.6863481 0.6095268 0
-0.7567647 0.1312535 0.640375 0
-1.128175 1.317345 -6.31509 1

0.003540019 0.999994 -0.0001889207 0
-0.359095 0.001094926 -0.9333007 0
-0.9332942 0.003371703 0.3590966 0
-1.551778 1.00306 -6.713177 1

-0.0003599639 -0.9528071 0.303577 0
-0.004925599 0.3035751 0.952795 0
-0.9999878 -0.001152295 -0.004802488 0
-1.443603 1.709895 -6.928514 1

-0.9967642 0.05449997 0.0590861 0
0.07648627 0.4169677 0.9056976 0
0.02472343 0.9072864 -0.419787 0
-1.34362 1.640138 -6.964867 1

-0.8083088 -0.05347995 0.5863249 0
-0.515527 -0.4167198 -0.7487168 0
0.2843745 -0.9074607 0.3092679 0
-1.544039 1.640251 -6.893206 1

-0.09700126 0.005629781 0.9952685 0
0.002290391 0.9999829 -0.005433144 0
-0.9952816 0.00175258 -0.09701249 0
-1.227857 0.9859639 -6.985791 1

-0.7033167 -0.45155 -0.5490431 0
0.2406869 -0.8779895 0.4137692 0
-0.6688915 0.1588632 0.7261866 0
-1.048637 1.426862 -6.243543 1

-0.373918 -0.007193956 -0.9274343 0
0.006274866 -0.999967 0.005226655 0
-0.9274405 -0.003865276 0.3739506 0
-1.613664 0.9857018 -6.818786 1

4.769803E-05 -0.9804908 0.1965665 0
-0.004906187 0.1965639 0.9804788 0
-0.999988 -0.001011125 -0.00480121 0
-1.443418 1.879742 -7.007959 1

-0.683423 0.7190053 0.1263527 0
0.4311721 0.2578906 0.8646291 0
0.5890875 0.645387 -0.4862634 0
-1.188909 1.631679 -6.974038 1

-0.7641608 -0.6298994 0.1388713 0
-0.05457482 -0.1513855 -0.9869673 0
0.6427128 -0.7617807 0.08130627 0
-1.669499 1.631951 -6.802201 1

-0.6688915 0.1588632 0.7261866 0
0.7407457 0.06058375 0.6690483 0
0.06229192 0.9854404 -0.1582014 0
-0.9169819 1.511388 -6.140767 1

-0.004441775 -0.2290878 0.9733958 0
-0.002084132 0.9734056 0.2290805 0
-0.999988 -0.001011125 -0.00480121 0
-1.441901 1.87782 -7.32349 1

-0.763576 0.1344329 0.631569 0
0.5888988 -0.2562065 0.7665224 0
0.2648578 0.9572284 0.1164658 0
-1.294789 2.029788 -6.956064 1

-0.9895471 0.139306 -0.03728522 0
-0.004484936 0.2286952 0.9734879 0
0.1441396 0.9634795 -0.22568 0
-1.340738 2.075766 -6.963736 1

-0.3609397 -0.6556094 -0.6632488 0
-0.004353984 -0.7099983 0.7041901 0
-0.932579 0.257058 0.2534121 0
-1.356834 2.049643 -6.920698 1

-0.7572032 -0.1359707 -0.6388706 0
0.5957126 0.2574043 -0.7608349 0
0.2678994 -0.9566899 -0.1139078 0
-1.59284 2.029486 -6.957495 1

-0.9895759 -0.1413071 0.02778303 0
0.005325273 -0.2286944 -0.9734838 0
0.143914 -0.9631882 0.227063 0
-1.546913 2.075556 -6.964725 1

-0.3686167 0.6548718 0.6597462 0
0.0009721004 0.709995 -0.7042063 0
-0.929581 -0.2589408 -0.2623527 0
-1.531179 2.049468 -6.921535 1

0.3898942 0.06080474 0.9188503 0
0.3211479 -0.94415 -0.07379314 0
0.8630451 0.3238582 -0.3876459 0
-1.043538 1.48021 -6.998961 1

-0.6750943 0.7237827 0.142783 0
0.444099 0.2441618 0.8620682 0
0.5890875 0.645387 -0.4862634 0
-1.083112 1.626803 -7.023029 1

-0.3346764 -0.2228568 -0.915602 0
0.2808462 0.9038888 -0.3226624 0
0.8995095 -0.3651308 -0.2399217 0
-1.830935 1.499099 -6.770802 1

-0.765061 -0.6326661 0.120065 0
-0.04002347 -0.1393715 -0.9894311 0
0.6427128 -0.7617807 0.0813063 0
-1.785396 1.64383 -6.795588 1

-0.9999881 -0.001011103 -0.0048013 0
-0.004378773 0.6253729 0.7803141 0
0.002213612 0.7803257 -0.6253699 0
-1.441649 1.890784 -7.378575 1

-0.7613416 0.1424726 0.6325034 0
0.5887369 -0.2566984 0.7664823 0
0.2715653 0.9559329 0.1115563 0
-1.202987 2.123443 -6.849579 1

-0.143311 -0.884344 0.444295 0
0.02628845 0.445369 0.8949612 0
-0.9893285 0.1399378 -0.04057834 0
-1.326494 2.170976 -6.986038 1

-0.3626729 -0.629074 -0.687557 0
-0.01725649 -0.7331284 0.6798715 0
-0.9317567 0.2584358 0.2550301 0
-1.271099 2.205371 -6.763155 1

-0.7549437 -0.1440059 -0.6397835 0
0.5955494 0.2578958 -0.7607963 0
0.2745566 -0.9553809 -0.1089342 0
-1.68585 2.122954 -6.851897 1

-0.1408263 0.8840567 -0.4456592 0
0.03578136 -0.4453063 -0.8946633 0
-0.9893875 -0.1419385 0.031078 0
-1.561135 2.170734 -6.987163 1

-0.3705295 0.6283327 0.6840368 0
-0.0122101 0.7330987 -0.680013 0
-0.9287404 -0.260317 -0.2639628 0
-1.618737 2.205022 -6.764825 1

-0.3175552 0.1769264 0.931588 0
-0.9467208 -0.003563435 -0.3220366 0
-0.05365691 -0.9842182 0.1686316 0
-1.117379 1.473471 -7.168681 1

-0.4945129 -0.4753318 -0.7276793 0
-0.8159271 -0.03464634 0.5771157 0
-0.2995327 0.8791246 -0.3707031 0
-1.891435 1.462157 -6.941907 1

-0.989028 0.1419238 -0.04100506 0
-0.007079445 0.2317172 0.9727576 0
0.1475589 0.9623749 -0.22817 0
-1.309656 2.274882 -7.038239 1

-0.9327245 0.2598953 0.2499595 0
0.294206 0.147699 0.9442607 0
0.2084899 0.9542747 -0.2142251 0
-1.183351 2.357574 -6.596803 1

-0.989087 -0.1439239 0.03150771 0
0.002729998 -0.2317215 -0.9727784 0
0.1473071 -0.9620768 0.2295858 0
-1.577681 2.274607 -7.039526 1

-0.9297539 -0.2617785 -0.2589017 0
0.3035574 -0.1470945 -0.9413907 0
0.2083527 -0.9538532 0.2162265 0
-1.708385 2.357045 -6.599323 1

0.6834425 0.2825735 0.6730964 0
0.1802388 -0.9588167 0.2195131 0
0.7074045 -0.02870638 -0.7062263 0
-1.121364 1.520505 -7.229536 1

0.6763286 0.1516722 0.720816 0
-0.7235951 -0.04627218 0.6886725 0
0.1378062 -0.9873478 0.0784542 0
-1.050735 1.499189 -7.26567 1

0.735086 0.07378117 0.6739476 0
-0.6730651 0.1988305 0.7123559 0
-0.08144268 -0.9772533 0.1958171 0
-1.052429 1.443703 -7.258019 1

0.5676235 -0.3912533 -0.7243789 0
-0.05277805 0.8607578 -0.5062717 0
0.8215951 0.325603 0.4679367 0
-1.912672 1.490101 -7.010461 1

0.4196938 -0.2143542 -0.8819919 0
-0.9004734 -0.2204146 -0.3749202 0
-0.1140381 0.951562 -0.2855268 0
-1.983953 1.44998 -7.018078 1

0.4659807 -0.2036498 -0.8610396 0
-0.8208744 -0.4626712 -0.334815 0
-0.3301929 0.8628226 -0.3827667 0
-1.968786 1.399711 -6.998505 1

-0.3798189 0.9163235 0.1268471 0
0.4750984 0.07556994 0.876682 0
0.793738 0.3932453 -0.4640465 0
-1.150351 1.508521 -7.258083 1

0.9334764 -0.0292566 -0.3574444 0
0.3581165 0.02221803 0.9334128 0
-0.01936664 -0.9993256 0.03121753 0
-1.094273 1.486453 -7.305479 1

0.9444033 -0.1097733 -0.3099247 0
0.3209946 0.1037787 0.9413782 0
-0.0711744 -0.9885246 0.1332456 0
-1.093151 1.439639 -7.298511 1

-0.1535863 -0.9786885 0.1363117 0
0.3067264 -0.1783528 -0.9349384 0
0.9393245 -0.1017832 0.327582 0
-1.888598 1.473507 -7.041184 1

0.9626442 0.2679366 0.03907133 0
0.08756556 -0.1715126 -0.981283 0
-0.2562201 0.9480475 -0.1885675 0
-1.954135 1.434849 -7.068321 1

0.9486362 0.3156372 -0.02151239 0
0.08428296 -0.3176785 -0.9444455 0
-0.3049359 0.8941218 -0.3279641 0
-1.944035 1.387511 -7.049031 1

-0.4030069 0.9143053 -0.04041007 0
0.3985927 0.2150956 0.8915483 0
0.8238386 0.3431928 -0.45112 0
-1.13246 1.465196 -7.264416 1

0.94142 -0.07418562 -0.3289761 0
0.3266357 -0.04208684 0.944213 0
-0.08389234 -0.9963567 -0.01538952 0
-1.131347 1.486457 -7.291906 1

0.9445761 -0.1231217 -0.304332 0
0.3191069 0.1265678 0.9392294 0
-0.07712061 -0.9842879 0.1588418 0
-1.134513 1.446718 -7.287795 1

-0.1449257 -0.9425357 0.3010375 0
0.2664388 -0.3301867 -0.9055317 0
0.952894 -0.05102658 0.2989807 0
-1.895858 1.427169 -7.035076 1

0.9520483 0.3059378 0.002522459 0
0.04043409 -0.1176464 -0.9922324 0
-0.3032643 0.944755 -0.1243753 0
-1.915805 1.44424 -7.067162 1

0.9446214 0.3268072 -0.02979424 0
0.08774388 -0.3390149 -0.9366807 0
-0.3162144 0.8821942 -0.348916 0
-1.903684 1.402703 -7.053139 1

-1 0 0 0
0 -1.192093E-07 1 0
0 1 1.192093E-07 0
-1.4 0.95 -6.83 1

0.001874208 -0.9999646 0.008225189 0
0.3366194 0.008376069 0.9416037 0
-0.9416389 0.001003941 0.3366231 0
-1.400729 1.215185 -6.808027 1

0.1335288 -0.9168435 0.3762559 0
0.3090083 0.3992462 0.8632014 0
-0.9416389 0.001003931 0.3366231 0
-1.404273 1.329423 -6.818282 1

0.1439146 -0.861654 -0.4866634 0
0.2841239 -0.4350995 0.8543783 0
-0.9479253 -0.2612303 0.1821993 0
-1.295981 1.192952 -6.835989 1

-0.4813564 0.03746642 -0.875724 0
0.01366405 0.9992856 0.03524215 0
0.8764184 0.004998159 -0.4815244 0
-1.346717 1.2384 -6.657007 1

-0.3219748 0.1729876 0.9308103 0
-0.05588849 -0.984924 0.1637122 0
0.9450973 0.0006896448 0.3267886 0
-1.091693 1.456244 -7.270037 1

-0.489294 -0.4802659 -0.7279671 0
-0.304149 0.8762747 -0.3736796 0
0.8173646 0.0385714 -0.5748284 0
-1.936212 1.410848 -7.024328 1

0.3184299 0.9478545 -0.01322647 0
-0.2499291 0.0704878 -0.9656954 0
-0.9144058 0.3108119 0.2593417 0
-1.499506 1.193169 -6.763232 1

0.09970954 -0.9542889 0.2817644 0
0.3215185 0.2988849 0.8984954 0
-0.9416389 0.00100385 0.3366231 0
-1.413808 1.446378 -6.845301 1

0.2535599 -0.9329002 0.2557439 0
0.08146333 0.2840388 0.955346 0
-0.9638834 -0.2214037 0.148018 0
-1.28286 1.104676 -6.889577 1

-0.5540546 -0.3993216 -0.7304561 0
0.1977672 -0.9154626 0.3504523 0
-0.808648 0.0497094 0.586189 0
-1.238834 1.230003 -6.460737 1

0.1771766 0.8276014 -0.5326208 0
-0.2478803 -0.4862114 -0.8379467 0
-0.9524515 0.2804907 0.1190007 0
-1.53276 1.094553 -6.765601 1

-0.489294 -0.4802659 -0.7279671 0
0.304149 -0.8762747 0.3736796 0
-0.8173646 -0.0385714 0.5748284 0
-1.936212 1.410848 -7.024328 1

0.07364696 -0.9751556 0.2089216 0
0.3284695 0.22152 0.9181705 0
-0.9416389 0.00100385 0.3366231 0
-1.424655 1.557908 -6.875978 1

0.006762345 -0.9999753 -0.00207382 0
-0.07987689 -0.002607442 0.9968014 0
-0.9967819 -0.006575085 -0.0798925 0
-1.257344 1.002963 -6.866983 1

-0.523412 -0.7066508 -0.4761144 0
0.3929059 -0.6959769 0.6010337 0
-0.7560853 0.12752 0.6419298 0
-1.127758 1.310059 -6.314297 1

0.00546365 0.9999855 -0.0003311718 0
-0.3610945 0.001664119 -0.9325281 0
-0.9325133 0.005214498 0.3610982 0
-1.551828 1.00299 -6.713069 1

0.0005902912 -0.9511434 0.3087498 0
-0.005314235 0.3087425 0.951131 0
-0.9999858 -0.002202261 -0.004872399 0
-1.443879 1.706541 -6.930195 1

-0.9968202 0.05377275 0.05880639 0
0.07602745 0.4207748 0.9039739 0
0.02386492 0.9055703 -0.423525 0
-1.343826 1.636733 -6.966255 1

-0.8082908 -0.05184767 0.5864963 0
-0.5150771 -0.4203069 -0.7470193 0
0.2852395 -0.9058998 0.3130246 0
-1.544248 1.636946 -6.894606 1

-0.09578188 0.005630521 0.9953866 0
0.001222576 0.9999842 -0.00553884 0
-0.9954016 0.0006863836 -0.09578723 0
-1.227867 0.9858514 -6.985823 1

-0.7050767 -0.4436049 -0.5532466 0
0.2377532 -0.8828983 0.4049256 0
-0.6680871 0.1539674 0.7279792 0
-1.047624 1.418246 -6.241404 1

-0.3759207 -0.006595429 -0.9266288 0
0.004362021 -0.9999767 0.005347835 0
-0.9266416 -0.0020317 0.3759406 0
-1.613974 0.9857367 -6.818543 1

0.001035045 -0.9794077 0.2018914 0
-0.005187976 0.2018835 0.979396 0
-0.999986 -0.002061178 -0.004872248 0
-1.44386 1.875955 -7.010562 1

-0.6883473 0.7151768 0.1212451 0
0.4273649 0.2647834 0.8644359 0
0.5861205 0.6468481 -0.4879044 0
-1.189106 1.628386 -6.975382 1

-0.7629925 -0.6297553 0.1457772 0
-0.05665505 -0.1595005 -0.9855708 0
0.6439197 -0.7602422 0.08601888 0
-1.669706 1.628899 -6.803574 1

-0.6680871 0.1539674 0.7279792 0
0.7412002 0.05166779 0.6692927 0
0.06543621 0.9867245 -0.1486393 0
-0.9156398 1.501285 -6.137841 1

-0.004301697 -0.2192684 0.9756554 0
-0.003079242 0.9756627 0.2192565 0
-0.999986 -0.002061178 -0.004872248 0
-1.442316 1.87232 -7.326077 1

-0.761708 0.1445406 0.6315924 0
0.5889449 -0.2518833 0.7679186 0
0.270083 0.9569031 0.1067351 0
-1.29539 2.026433 -6.959472 1

-0.9894136 0.1399207 -0.03851205 0
-0.004407687 0.2362781 0.9716756 0
0.1450571 0.9615591 -0.23316 0
-1.341385 2.072321 -6.967397 1

-0.3621547 -0.6559401 -0.6622591 0
-0.005175842 -0.7090625 0.7051271 0
-0.9321037 0.2587928 0.2533952 0
-1.357458 2.046416 -6.924219 1

-0.7549152 -0.1476665 -0.6389821 0
0.5953565 0.2543243 -0.7621484 0
0.2750524 -0.9557796 -0.104079 0
-1.59344 2.025818 -6.960924 1

-0.9891567 -0.1439988 0.0288719 0
0.006034804 -0.2362749 -0.9716679 0
0.1467407 -0.9609575 0.2345818 0
-1.54756 2.071894 -6.968401 1

-0.3712915 0.6544284 0.6586855 0
-0.001227513 0.7090492 -0.7051584 0
-0.9285156 -0.2626279 -0.2624607 0
-1.531802 2.046057 -6.925068 1

0.391077 0.06349005 0.9181657 0
0.3231668 -0.9435688 -0.07240073 0
0.8617553 0.325035 -0.3895258 0
-1.042702 1.477741 -6.999227 1

-0.6800902 0.7200859 0.1376727 0
0.4403863 0.2511262 0.8619721 0
0.5861205 0.6468481 -0.4879044 0
-1.083159 1.62396 -7.024091 1

-0.3344057 -0.2307277 -0.9137493 0
0.2787264 0.9019808 -0.3297619 0
0.9002691 -0.3649601 -0.2373176 0
-1.83089 1.496095 -6.770718 1

-0.7639324 -0.6326764 0.1269962 0
-0.04212565 -0.1474879 -0.9881665 0
0.6439197 -0.7602422 0.08601891 0
-1.785603 1.640678 -6.796789 1

-0.9999861 -0.002061142 -0.004872308 0
-0.005076041 0.6332023 0.7739702 0
0.001489954 0.7739841 -0.6332041 0
-1.442072 1.884728 -7.38129 1

-0.7572722 0.1600163 0.6331932 0
0.5886216 -0.2528215 0.7678581 0
0.2829546 0.9541891 0.09726563 0
-1.202904 2.120628 -6.85406 1

-0.1460578 -0.8804356 0.451111 0
0.02420984 0.4526835 0.8913428 0
-0.98898 0.1411089 -0.04480275 0
-1.32705 2.167341 -6.990438 1

-0.3657306 -0.6256821 -0.6890306 0
-0.01962811 -0.73497 0.6778159 0
-0.9305136 0.2614225 0.2565201 0
-1.271435 2.202222 -6.766911 1

-0.7504004 -0.1631237 -0.6405392 0
0.5950288 0.2552612 -0.7620912 0
0.28782 -0.9530127 -0.09448469 0
-1.687337 2.119628 -6.85642 1

-0.1452832 0.879835 -0.4525305 0
0.03476005 -0.452562 -0.8910556 0
-0.9887795 -0.1451853 0.03516656 0
-1.562061 2.166853 -6.991582 1

-0.3750035 0.6241554 0.6854218 0
-0.01605189 0.7348964 -0.6779898 0
-0.9268844 -0.2652509 -0.2655699 0
-1.619996 2.201506 -6.76861 1

-0.323969 0.1774304 0.9292807 0
-0.9445135 -0.004379989 -0.3284433 0
-0.05420551 -0.9841238 0.1690044 0
-1.116771 1.470502 -7.168825 1

-0.4902025 -0.4820506 -0.7261741 0
-0.8176735 -0.03419179 0.5746664 0
-0.3018472 0.8754764 -0.3773991 0
-1.891351 1.457686 -6.941514 1

-0.98839 0.1449197 -0.04564852 0
-0.009323157 0.2420266 0.9702249 0
0.1516529 0.9593863 -0.2378656 0
-1.30989 2.270788 -7.043441 1

-0.9323136 0.2642742 0.2468818 0
0.2914644 0.1449234 0.9455401 0
0.2141028 0.9534974 -0.2121406 0
-1.182947 2.353604 -6.600202 1

-0.9881822 -0.1489937 0.03601808 0
0.001129161 -0.2420437 -0.9702651 0
0.1532814 -0.9587578 0.2393514 0
-1.579131 2.270229 -7.044752 1

-0.9287664 -0.2681102 -0.2559496 0
0.301259 -0.1437017 -0.9426521 0
0.2159542 -0.9526108 0.2142359 0
-1.710726 2.352518 -6.602773 1

0.6786937 0.2834925 0.6775007 0
0.1793245 -0.958542 0.221451 0
0.7121923 -0.02880495 -0.7013934 0
-1.120372 1.517488 -7.229741 1

0.6713352 0.1526227 0.7252691 0
-0.7282182 -0.04619655 0.6837867 0
0.1378662 -0.9872045 0.08012917 0
-1.049487 1.496188 -7.26538 1

0.7304559 0.07473239 0.6788588 0
-0.6779977 0.1989542 0.7076277 0
-0.08217908 -0.9771553 0.1959955 0
-1.0512 1.440706 -7.257699 1

0.5715703 -0.3936574 -0.7199594 0
-0.05457624 0.8572267 -0.51204 0
0.8187363 0.3319596 0.4684805 0
-1.912475 1.485097 -7.010318 1

0.4234491 -0.2183867 -0.8792034 0
-0.8983427 -0.2264884 -0.3764093 0
-0.1169263 0.9492161 -0.2920925 0
-1.983568 1.444639 -7.017905 1

0.4696235 -0.2073593 -0.8581704 0
-0.8179017 -0.468155 -0.3344666 0
-0.3324016 0.8589725 -0.389456 0
-1.968263 1.394561 -6.997956 1

-0.3812221 0.9161869 0.1235804 0
0.4690992 0.07651485 0.8798248 0
0.7966278 0.3933801 -0.4589516 0
-1.149157 1.505465 -7.258476 1

0.9358951 -0.02895675 -0.3510869 0
0.3517676 0.02313439 0.9358017 0
-0.01897558 -0.9993132 0.03183727 0
-1.092746 1.483396 -7.305473 1

0.946548 -0.109431 -0.3034336 0
0.3145435 0.1046783 0.9434538 0
-0.07148024 -0.9884673 0.1335037 0
-1.091643 1.436588 -7.298462 1

-0.1500949 -0.9783943 0.1421856 0
0.3105123 -0.1831877 -0.9327513 0
0.9386447 -0.09585066 0.3312986 0
-1.888233 1.468402 -7.040853 1

0.9614249 0.2720761 0.04046218 0
0.09147917 -0.1775355 -0.9798537 0
-0.259411 0.945757 -0.1955763 0
-1.953524 1.429304 -7.067951 1

0.9474244 0.3193248 -0.02047635 0
0.0886636 -0.3234708 -0.9420753 0
-0.3074511 0.8907295 -0.3347766 0
-1.943298 1.382133 -7.04832 1

-0.4032745 0.9140293 -0.04382857 0
0.3924105 0.216005 0.8940673 0
0.8266704 0.3433558 -0.4457836 0
-1.131198 1.462146 -7.264655 1

0.9436727 -0.07385942 -0.3225316 0
0.3202531 -0.04118152 0.9464368 0
-0.08318558 -0.9964185 -0.0152082 0
-1.129912 1.483388 -7.292153 1

0.946691 -0.122775 -0.2978299 0
0.3126566 0.1274645 0.9412752 0
-0.07760232 -0.984215 0.1590559 0
-1.133081 1.443649 -7.288033 1

-0.1421213 -0.9411365 0.3066998 0
0.2707395 -0.3349889 -0.9024872 0
0.952104 -0.04522673 0.3024116 0
-1.895327 1.422075 -7.034466 1

0.9507965 0.3097958 0.003632103 0
0.04416773 -0.1239326 -0.9913074 0
-0.3066522 0.9426917 -0.1315176 0
-1.915236 1.438856 -7.066729 1

0.943392 0.3304243 -0.02884405 0
0.09218475 -0.3447419 -0.9341603 0
-0.3186126 0.87862 -0.3556868 0
-1.902995 1.397461 -7.052395 1

-1 0 0 0
0 -1.192093E-07 1 0
0 1 1.192093E-07 0
-1.4 0.95 -6.83 1

0.001891494 -0.9999484 0.009990872 0
0.3365511 0.01004461 0.9416118 0
-0.9416633 0.00158145 0.3365527 0
-1.400705 1.211626 -6.80822 1

0.1340301 -0.9155094 0.3793136 0
0.3087169 0.4022939 0.8618897 0
-0.9416633 0.00158144 0.3365527 0
-1.404251 1.325845 -6.818678 1

0.1366934 -0.8400326 -0.5250338 0
0.2829756 -0.4748124 0.8333536 0
-0.9493365 -0.2624856 0.1728051 0
-1.295955 1.189345 -6.836135 1

-0.4810695 0.04988652 -0.8752621 0
0.0184063 0.9987345 0.04680739 0
0.8764892 0.006407205 -0.4813789 0
-1.346704 1.235108 -6.657238 1

-0.3301781 0.1732589 0.9278815 0
-0.05619319 -0.9848745 0.1639051 0
0.9422445 0.001977229 0.33492 0
-1.090019 1.452623 -7.269965 1

-0.4836785 -0.4891903 -0.725774 0
-0.3076006 0.8713344 -0.3823071 0
0.8194126 0.03833479 -0.571921 0
-1.93554 1.404319 -7.023607 1

0.3340152 0.9419816 0.03324286 0
-0.2481155 0.1218939 -0.9610313 0
-0.9093254 0.3127509 0.2744345 0
-1.499485 1.189687 -6.763393 1

0.1008357 -0.9527256 0.2866115 0
0.3210953 0.3038281 0.8969874 0
-0.9416634 0.001581297 0.3365525 0
-1.41385 1.442704 -6.846087 1

0.2586452 -0.9198368 0.2949632 0
0.06857742 0.3220683 0.9442296 0
-0.9635351 -0.2239926 0.1463815 0
-1.283582 1.103463 -6.893647 1

-0.556686 -0.384243 -0.7365176 0
0.1914604 -0.9220747 0.3363359 0
-0.8083587 0.04621962 0.5868734 0
-1.238886 1.223928 -6.461071 1

0.1616626 0.7998011 -0.5780866 0
-0.2639375 -0.5294093 -0.8062651 0
-0.9508955 0.2829216 0.1255117 0
-1.534358 1.091868 -6.770593 1

-0.4836785 -0.4891903 -0.725774 0
0.3076006 -0.8713344 0.3823071 0
-0.8194126 -0.03833479 0.571921 0
-1.93554 1.404319 -7.023607 1

0.07480344 -0.9739932 0.2138739 0
0.328138 0.2265725 0.9170554 0
-0.9416634 0.001581297 0.3365525 0
-1.42483 1.554064 -6.87733 1

0.006469972 -0.9999786 -0.001050589 0
-0.08207905 -0.001578189 0.9966248 0
-0.9966049 -0.006361896 -0.08208744 0
-1.257453 1.002947 -6.866795 1

-0.528176 -0.6956493 -0.4869316 0
0.3880658 -0.707808 0.5902655 0
-0.7552716 0.1228026 0.6438048 0
-1.127282 1.30096 -6.313416 1

0.005430961 0.9999819 -0.002705395 0
-0.3610747 -0.0005619383 -0.9325371 0
-0.9325211 0.006041411 0.361065 0
-1.55185 1.003054 -6.713033 1

0.001761625 -0.9490519 0.3151152 0
-0.00580441 0.3151008 0.9490407 0
-0.9999816 -0.003500839 -0.004953597 0
-1.444228 1.702397 -6.932302 1

-0.9968883 0.05287248 0.05846784 0
0.07545736 0.4254493 0.9018312 0
0.02280694 0.9034367 -0.4281149 0
-1.344089 1.632526 -6.968 1

-0.8082696 -0.04984087 0.5866994 0
-0.5145187 -0.424712 -0.7449095 0
0.2863052 -0.9039556 0.3176378 0
-1.544517 1.632863 -6.896367 1

-0.09797846 0.006663059 0.9951664 0
0.0015317 0.9999776 -0.006544347 0
-0.9951875 0.0008830898 -0.09798642 0
-1.227719 0.9857065 -6.985552 1

-0.7070806 -0.4341814 -0.5581431 0
0.2344695 -0.8886061 0.3942129 0
-0.667129 0.1478728 0.7301183 0
-1.046419 1.407463 -6.238867 1

-0.3759008 -0.008807901 -0.9266185 0
0.004394633 -0.9999609 0.007722201 0
-0.9266495 -0.001169333 0.3759247 0
-1.613993 0.9855486 -6.818467 1

0.002253328 -0.978031 0.2084486 0
-0.005545517 0.2084337 0.978021 0
-0.9999821 -0.003359685 -0.004954054 0
-1.444416 1.871268 -7.013802 1

-0.6944342 0.7103168 0.1149423 0
0.4225664 0.2732827 0.8641496 0
0.5824079 0.6486657 -0.4899328 0
-1.189358 1.62432 -6.977075 1

-0.7614961 -0.629526 0.1543392 0
-0.05922141 -0.169545 -0.9837415 0
